razonauto=[0.979
0.98
0.983
0.984
0.996
0.979
0.979
0.979
0.978
0.98
0.982
0.97
0.987
1.0
0.996
0.996
1.0
0.999
1.0
1.003
1.001
1.002
1.0
1.001
1.001
1.0
0.998
1.0
0.998
0.996
0.993
0.982
0.98
0.978
0.976
0.982
0.982
0.981
0.979
0.98
1.002
0.979
0.983
0.982
0.999
0.981
1.0
0.999
1.0
0.983
0.979
1.001
0.996
0.98
0.983
0.977
1.0
0.999
1.0
1.001
1.002
0.967
0.997
0.994
0.983
0.976
0.98
0.98
0.977
0.992
0.996
0.997
1.001
0.979
0.982
0.996
0.983
0.99
0.977
0.98
0.984
0.982
0.979
0.982
0.982
0.982
0.981
0.981
0.982
0.981
0.984
0.98
0.989
0.983
0.978
0.976
0.979
0.98
0.983
0.985
0.982
0.984
0.972
0.97
0.981
0.983
0.983
0.984
0.984
0.986
1.007
1.001
1.001
0.999
1.0
1.001
0.999
1.0
1.0
0.999
1.0
1.0
1.001
0.979
1.0
0.964
0.998
0.98
0.999
0.982
0.984
1.0
0.978
0.999
1.002
0.983
1.0
1.001
0.987
1.001
0.997
0.985
1.0
1.0
0.985
1.0
1.0
0.986
1.0
1.0
1.001
1.003
1.001
1.001
1.004
1.001
1.001
0.999
0.999
1.004
1.001
0.998
0.998
0.996
1.001
1.001
1.001
1.001
1.001
1.0
1.0
1.008
1.0
1.0
0.999
0.996
1.001
1.001
1.001
1.001
1.0
1.0
1.0
0.999
1.007
1.007
1.004
1.001
0.999
0.988
0.996
0.999
0.997
0.994
0.976
0.975
0.98
0.979
0.979
0.978
0.978
0.979
0.979
0.978
0.978
0.977
0.978
0.981
0.977
0.977
0.979
0.98
0.986
0.976
0.988
0.981
0.982
0.978
0.978
0.977
0.976
0.983
0.985
0.985
0.984
0.978
0.976
0.976
0.985
0.978
0.981
0.98
0.979
0.979
0.979
0.978
0.977
0.976
0.976
0.979
0.978
0.977
0.979
0.976
0.975
0.974
0.973
0.979
0.979
0.978
0.988
0.98
0.978
0.978
0.985
0.98
0.979
0.977
0.977
0.976
0.975
0.977
0.98
0.984
0.978
0.977
0.976
0.974
0.982
0.984
0.998
1.001
1.0
1.0
0.998
1.001
0.999
1.002
1.002
1.0
1.006
1.001
0.987
1.01
1.0
0.998
1.001
0.975
0.982
0.984
0.979
0.977
1.001
1.0
0.998
1.0
0.977
0.981
0.976
0.979
0.977
0.979
0.982
0.976
0.978
0.974
0.977
0.975
0.982
0.985
0.983
0.981
0.979
0.977
0.979
0.982
0.984
0.978
0.98
0.978
0.98
0.978
0.976
0.978
0.976
0.984
0.981
0.977
0.976
0.973
0.972
0.973
0.974
0.978
0.977
0.984
0.978
0.975
0.98
0.98
0.987
0.984
0.98
0.982
0.982
0.98
0.98
0.978
0.979
0.977
0.978
1.001
0.979
1.0
0.982
0.981
0.979
0.978
0.978
0.983
0.982
0.975
0.98
0.977
0.976
0.978
0.981
0.981
0.98
0.982
0.991
0.984
0.987
0.973
0.984
0.981
0.99
0.976
1.0
0.986
0.978
0.98
0.974
0.978
0.978
0.978
0.975
0.974
1.0
1.0
0.999
0.999
0.999
1.0
0.997
0.997
0.977
0.976
1.0
0.978
1.0
0.977
0.98
1.0
1.0
0.999
0.999
1.0
1.001
0.999
1.0
0.978
0.972
0.976
0.978
0.979
0.965
0.965
0.979
0.979
0.98
0.978
0.983
1.0
0.98
1.0
1.0
1.001
1.0
0.978
1.001
1.0
0.983
0.982
0.987]
percentauto=[-2.1
-2.0
-1.7
-1.6
-0.4
-2.1
-2.1
-2.1
-2.2
-2.0
-1.8
-3.0
-1.3
0.0
-0.4
-0.4
-0.0
-0.1
-0.0
0.3
0.1
0.2
0.0
0.1
0.1
-0.0
-0.2
-0.0
-0.2
-0.4
-0.7
-1.8
-2.0
-2.2
-2.4
-1.8
-1.8
-1.9
-2.1
-2.0
0.2
-2.1
-1.7
-1.8
-0.1
-1.9
-0.0
-0.1
-0.0
-1.7
-2.1
0.1
-0.4
-2.0
-1.7
-2.3
-0.0
-0.1
-0.0
0.1
0.2
-3.3
-0.3
-0.6
-1.7
-2.4
-2.0
-2.0
-2.3
-0.8
-0.4
-0.3
0.1
-2.1
-1.8
-0.4
-1.7
-1.0
-2.3
-2.0
-1.6
-1.8
-2.1
-1.8
-1.8
-1.8
-1.9
-1.9
-1.8
-1.9
-1.6
-2.0
-1.1
-1.7
-2.2
-2.4
-2.1
-2.0
-1.7
-1.5
-1.8
-1.6
-2.8
-3.0
-1.9
-1.7
-1.7
-1.6
-1.6
-1.4
0.7
0.1
0.1
-0.1
-0.0
0.1
-0.1
-0.0
-0.0
-0.1
-0.0
0.0
0.1
-2.1
-0.0
-3.6
-0.2
-2.0
-0.1
-1.8
-1.6
0.0
-2.2
-0.1
0.2
-1.7
-0.0
0.1
-1.3
0.1
-0.3
-1.5
-0.0
-0.0
-1.5
0.0
0.0
-1.4
0.0
0.0
0.1
0.3
0.1
0.1
0.4
0.1
0.1
-0.1
-0.1
0.4
0.1
-0.2
-0.2
-0.4
0.1
0.1
0.1
0.1
0.1
0.0
-0.0
0.8
-0.0
-0.0
-0.1
-0.4
0.1
0.1
0.1
0.1
0.0
-0.0
-0.0
-0.1
0.7
0.7
0.4
0.1
-0.1
-1.2
-0.4
-0.1
-0.3
-0.6
-2.4
-2.5
-2.0
-2.1
-2.1
-2.2
-2.2
-2.1
-2.1
-2.2
-2.2
-2.3
-2.2
-1.9
-2.3
-2.3
-2.1
-2.0
-1.4
-2.4
-1.2
-1.9
-1.8
-2.2
-2.2
-2.3
-2.4
-1.7
-1.5
-1.5
-1.6
-2.2
-2.4
-2.4
-1.5
-2.2
-1.9
-2.0
-2.1
-2.1
-2.1
-2.2
-2.3
-2.4
-2.4
-2.1
-2.2
-2.3
-2.1
-2.4
-2.5
-2.6
-2.7
-2.1
-2.1
-2.2
-1.2
-2.0
-2.2
-2.2
-1.5
-2.0
-2.1
-2.3
-2.3
-2.4
-2.5
-2.3
-2.0
-1.6
-2.2
-2.3
-2.4
-2.6
-1.8
-1.6
-0.2
0.1
-0.0
-0.0
-0.2
0.1
-0.1
0.2
0.2
-0.0
0.6
0.1
-1.3
1.0
-0.0
-0.2
0.1
-2.5
-1.8
-1.6
-2.1
-2.3
0.1
-0.0
-0.2
0.0
-2.3
-1.9
-2.4
-2.1
-2.3
-2.1
-1.8
-2.4
-2.2
-2.6
-2.3
-2.5
-1.8
-1.5
-1.7
-1.9
-2.1
-2.3
-2.1
-1.8
-1.6
-2.2
-2.0
-2.2
-2.0
-2.2
-2.4
-2.2
-2.4
-1.6
-1.9
-2.3
-2.4
-2.7
-2.8
-2.7
-2.6
-2.2
-2.3
-1.6
-2.2
-2.5
-2.0
-2.0
-1.3
-1.6
-2.0
-1.8
-1.8
-2.0
-2.0
-2.2
-2.1
-2.3
-2.2
0.1
-2.1
-0.0
-1.8
-1.9
-2.1
-2.2
-2.2
-1.7
-1.8
-2.5
-2.0
-2.3
-2.4
-2.2
-1.9
-1.9
-2.0
-1.8
-0.9
-1.6
-1.3
-2.7
-1.6
-1.9
-1.0
-2.4
-0.0
-1.4
-2.2
-2.0
-2.6
-2.2
-2.2
-2.2
-2.5
-2.6
-0.0
-0.0
-0.1
-0.1
-0.1
-0.0
-0.3
-0.3
-2.3
-2.4
-0.0
-2.2
-0.0
-2.3
-2.0
-0.0
-0.0
-0.1
-0.1
-0.0
0.1
-0.1
-0.0
-2.2
-2.8
-2.4
-2.2
-2.1
-3.5
-3.5
-2.1
-2.1
-2.0
-2.2
-1.7
-0.0
-2.0
-0.0
-0.0
0.1
-0.0
-2.2
0.1
-0.0
-1.7
-1.8
-1.3]
voltauto=[155.3
155.3
155.3
155.3
155.3
155.3
155.3
155.3
155.3
155.3
155.3
155.3
155.3
155.3
155.3
155.3
155.3
155.3
155.3
155.3
155.3
155.3
155.3
155.3
155.3
155.3
155.3
155.3
155.3
155.3
155.3
155.3
155.3
155.3
155.3
155.3
155.3
155.3
155.3
155.3
155.3
155.3
155.3
155.3
155.3
155.3
155.3
155.3
155.3
155.3
155.3
155.3
155.3
155.3
155.3
155.3
155.3
155.3
155.3
155.3
155.3
155.3
155.3
155.3
155.3
155.3
155.3
155.3
155.3
155.3
155.3
155.3
155.3
155.3
155.3
155.3
155.3
155.3
155.3
155.3
155.3
155.3
155.3
155.3
155.3
155.3
155.3
155.3
155.3
155.3
155.3
155.3
155.3
155.3
155.3
155.3
155.3
155.3
155.3
155.3
155.3
155.3
155.3
155.3
155.3
155.3
155.3
155.3
155.3
155.3
155.3
155.3
155.3
155.3
155.3
155.3
155.3
155.3
155.3
155.3
155.3
155.3
155.3
155.3
155.3
155.3
155.3
155.3
155.3
155.3
155.3
155.3
155.3
155.3
155.3
155.3
155.3
155.3
155.3
155.3
155.3
155.3
155.3
155.3
155.3
155.3
155.3
155.3
155.3
155.3
155.3
155.3
155.3
155.3
155.3
155.3
155.3
155.3
155.3
155.3
155.3
155.3
155.3
155.3
155.3
155.3
155.3
155.3
155.3
155.3
155.3
155.3
155.3
155.3
155.3
155.3
155.3
155.3
155.3
155.3
155.3
155.3
155.3
155.3
155.3
155.3
155.3
155.3
155.3
155.3
155.3
155.3
155.3
155.3
155.3
155.3
155.3
155.3
155.3
155.3
155.3
155.3
155.3
155.3
155.3
155.3
155.3
155.3
155.3
155.3
155.3
155.3
155.3
155.3
155.3
155.3
155.3
155.3
155.3
155.3
155.3
155.3
155.3
155.3
155.3
155.3
155.3
155.3
155.3
155.3
155.3
155.3
155.3
155.3
155.3
155.3
155.3
155.3
155.3
155.3
155.3
155.3
155.3
155.3
155.3
155.3
155.3
155.3
155.3
155.3
155.3
155.3
155.3
155.3
155.3
155.3
155.3
155.3
155.3
155.3
155.3
155.3
155.3
155.3
155.3
155.3
155.3
155.3
155.3
155.3
155.3
155.3
155.3
155.3
155.3
155.3
155.3
155.3
155.3
155.3
155.3
155.3
155.3
155.3
155.3
155.3
155.3
155.3
155.3
155.3
155.3
155.3
155.3
155.3
155.3
155.3
155.3
155.3
155.3
155.3
155.3
155.3
155.3
155.3
155.3
155.3
155.3
155.3
155.3
155.3
155.3
155.3
155.3
155.3
155.3
155.3
155.3
155.3
155.3
155.3
155.3
155.3
155.3
155.3
155.3
155.3
155.3
155.3
155.3
155.3
155.3
155.3
155.3
155.3
155.3
155.3
155.3
155.3
155.3
155.3
155.3
155.3
155.3
155.3
155.3
155.3
155.3
155.3
155.3
155.3
155.3
155.3
155.3
155.3
155.3
155.3
155.3
155.3
155.3
155.3
155.3
155.3
155.3
155.3
155.3
155.3
155.3
155.3
155.3
155.3
155.3
155.3
155.3
155.3
155.3
155.3
155.3
155.3
155.3
155.3
155.3
155.3
155.3
155.3
155.3
155.3
155.3
155.3
155.3
155.3
155.3
155.3
155.3
155.3
155.3
155.3
155.3
155.3
155.3
155.3
155.3
155.3
155.3
155.3
155.3
155.3
155.3
155.3
155.3
155.3
155.3
155.3
155.3
155.3
155.3
155.3
155.3
155.3
155.3
155.3
155.3
155.3
155.3
155.3
155.3
155.3
155.3
155.3
155.3
155.3]
