Fondoo=[0.34
0.3
0.3
0.36
0.36
0.37
0.36
0.3
0.37
0.4
0.4
0.32
0.36
0.37
0.36
0.36
0.32
0.32
0.31
0.31
0.32
0.35
0.4
0.27
0.33
0.34
0.3
0.32
0.3
0.33
0.3
0.34
0.31
0.3
0.34
0.3
0.29
0.33
0.31
0.28
0.29
0.34
0.34
0.28
0.29
0.27
1.11
1.11
1.06
1.03
0.8
0.76
0.75
0.66
0.57
0.69
0.56
0.57
0.55
0.46
0.46
0.41
0.34
0.59
0.5
0.45
0.38
0.38
0.35
0.35
0.34
0.36
0.37
0.35
0.33
0.4
0.33
0.31
0.35
0.31
0.35
0.33
0.28
0.31
0.29
0.33
0.3
0.33
0.3
0.29
4.2
0.54
0.48
0.47
0.44
0.39
0.4
0.38
0.38
0.42
0.46
0.44
0.35
0.38
0.38
0.45
0.68
1.0
1.47
1.48
1.46
1.54
1.48
1.5
1.55
1.65
1.62
1.63
1.71
1.76
2.1
2.4
2.2
1.25
2.23
2.22
2.32
2.3
2.26
2.24
2.24
1.37
1.34
1.66
1.7
1.68
1.68
1.71
1.74
1.74
0.46
0.28
0.94
1.32
1.31
1.44
1.29
1.42
1.44
2.22
2.22
2.13
2.15
2.32
1.97
1.86
2.73
2.73
2.61
2.71
2.64
1.65
2.55
2.55
2.55
3.26
2.86
2.78
2.74
6.28
7.55
3.65
5.48
6.15
5.49
6.28
5.58
6.42
5.45
4.16
5.74
8.95
8.89
8.84
8.85
9.05
8.4
8.76
0.32
9.53
9.84
8.65
9.14
9.73
9.82
9.02
9.63
9.68
9.99
7.86
5.43
3.21
1.26
1.34
1.42
1.43
1.17
1.28
1.33
1.38
1.35
1.25
1.34
1.55
1.55
0.45
0.6
0.45
0.48
1.48
4.69
4.69
4.69
4.98
4.67
4.61
4.6
4.7
4.73
4.63
4.56
4.61
4.57
4.6
4.57
4.7
4.68
4.55
4.5
4.61
4.61
4.55
4.56
4.55
4.55
4.56
4.55
4.55
4.55
2.52
4.56
0.55
0.55
8.05
10.65
9.38
9.07
8.43
9.16
9.43
9.83
11.86
10.04
8.73
9.71
9.68
9.76
9.55
9.75
9.57
9.5
9.62
9.78
9.63
9.37
9.4
9.27
9.59
9.81
9.78
9.77
9.74
9.77
9.86
9.78
9.86
9.8
9.81
9.65
9.55
9.45
9.59
8.7
9.55
9.37
9.51
0.4
0.31
0.35
0.28
0.34
0.58
0.34
0.32
0.31
0.29
0.34
0.31
0.32
0.32
0.3
0.31
0.31
0.3
0.35
0.35
0.35
0.35
0.32
0.35
0.32
0.33
0.31
0.35
0.32
0.35
0.37
0.33
0.28
0.31
0.36
0.33
0.3
0.46
0.32
0.37
0.34
0.35
0.31
0.32
0.3
0.32
0.39
0.3
0.32
0.33
0.37
0.32
0.33
0.32
0.34
0.36
0.33
0.29
0.31
0.36
0.38
0.27
0.33
0.35
0.35
0.3
0.3
0.32
0.29
0.36
0.35
0.32
0.32
0.26
0.25
0.25
0.25
0.31
0.31
0.3
0.3
0.3
0.34
0.31
0.35
0.33
0.34
0.31
0.31
0.31
0.29
0.25
0.33
0.37
0.37
0.36
0.4
0.32
0.34
0.38
0.36
0.37
0.36
0.48
0.32
0.31
0.33
0.26
0.31
0.32
0.28
0.32
0.33
0.31
0.33
0.31
0.32
0.33
0.88
0.74
0.76
0.7
0.65
0.59
0.43
0.37
0.41
0.3
0.35
0.44
0.47
0.39
0.37
0.36
0.35
0.34
0.35
0.35
0.37
2.01
0.38
0.35
0.32]
