Fondo=[5.3
6.5
9.2
6.3
9.1
7.6
3.54
4.85
4.91
4.89
5.0
5.0
7.0
7.2
4.2
6.1
5.1
6.2
5.1
7.3
6.1
6.04
6.3
4.49
6.36
4.26
5.7
5.8
5.92
6.0
4.74
5.44
3.74
5.44
4.77
5.23
4.64
3.01
4.22
4.82
4.28
4.32
4.28
7.8
6.2
7.7
6.7
10.01
11.62
10.38
9.52
10.66
10.48
7.14
5.56
5.03
6.08
6.57
8.5
6.44
5.83
6.7
6.62
6.67
6.0
7.78
11.49
7.94
10.0
9.08
11.31
7.05
7.65
8.0
8.0
8.0
7.5
8.5
6.35
5.18
9.5
6.3
5.1
5.3
6.3
8.6
5.1
5.6
3.7
3.9
5.1
3.6
5.0
5.4
5.56
5.61
4.4
4.22
4.73
5.34
5.56
5.19
5.36
6.68
6.44
5.88
6.4
4.0
4.0
4.0
5.23
2.5
4.7
0.22
0.2
0.18
0.2
0.3
0.22
0.18
0.18
0.22
0.22
0.22
0.18
0.18
0.18
0.18
0.22
0.22
0.18
0.2
2.48
1.0
4.8
6.29
3.45
7.0
2.4
5.13
5.91
5.43
3.73
5.4
6.37
5.3
6.66
0.0
2.83
0.61
3.06
4.0
4.73
8.01
3.5
3.48
2.3
2.06
0.86
5.35
7.48
4.9
6.66
6.55
8.0
4.0
6.45
1.99
4.51
6.91
8.27
7.81
4.51
7.09
6.4
6.5
2.83
3.53
3.4
2.8
2.4
2.9
3.7
3.11
3.0
1.85
1.09
3.52
2.86
2.96
0.53
0.28
0.68
0.53
3.4
2.84
2.78
5.68
2.68
5.3
3.08
4.6
3.8
4.26
4.12
3.4
1.34
4.1
4.05
4.0
5.91
3.78
3.4
2.48
6.49
6.3
5.86
5.3
6.8
10.5
6.8
7.2
6.2
3.5
7.6
6.2
5.3
6.3
5.8
6.2
4.92
4.16
3.7
3.5
7.5
6.0
4.6
4.66
4.89
7.37
6.52
7.42
5.6
9.64
7.78
7.27
9.85
10.6
9.03
8.28
16.3
14.23
11.03
10.41
11.78
12.01
11.01
11.7
13.08
15.31
15.38
13.32
10.76
8.71
6.05
3.02
7.09
7.61
9.42
5.59
5.55
4.42
5.09
5.0
6.3
6.15
7.23
6.0
6.0
7.0
7.27
3.0
7.87
7.0
7.44
5.0
6.5
6.5
2.59
5.0
7.6
4.09
6.5
5.4
5.3
5.2
5.13
4.73
5.13
5.4
4.9
4.73
4.32
5.73
5.62
7.59
4.89
4.82
5.42
4.7
4.6
4.66
4.2
4.58
3.78
3.22
4.06
4.71
5.35
5.08
2.01
2.78
5.03
6.1
6.0
6.15
3.95
5.18
5.5
5.33
5.3
3.2
2.5
3.1
0.7
4.5
2.8
6.02
7.02
7.21
5.0
2.98
2.9
3.5
4.35
3.2
5.4
3.5
7.4
5.1
6.3
7.3
7.5
7.2
7.2
7.2
5.0
5.3
7.3
5.3
4.5
4.5
7.6
4.6
2.5
3.0]
