Case6=[-0.19
-0.19
-0.18
-0.2
-0.19
-0.13
-0.19
-0.19
-0.19
-0.2
-0.19
-0.2
-0.19
-0.19
-0.19
-0.19
-0.2
-0.19
-0.19
-0.19
-0.19
-0.19
-0.25
-0.19
-0.19
-0.19
-0.19
-0.19
-0.19
-0.18
-0.25
-0.18
-0.2
-0.18
-0.19
-0.15
-0.18
-0.17
-0.17
-0.17
-0.18
-0.21
-0.19
-0.19
-0.14
-0.19
-0.17
-0.19
-0.24
-0.2
-0.19
-0.19
-0.18
-0.19
-0.2
-0.21
-0.19
-0.18
-0.19
-0.18
-0.18
-0.19
-0.18
-0.18
-0.19
-0.19
-0.25
-0.19
-0.2
-0.19
-0.25
-0.19
-0.2
-0.19
-0.2
-0.2
-0.29
-0.18
-0.2
-0.28
-0.25
-0.18
-0.18
-0.2
-0.18
-0.18
-0.19
-0.18
-0.19
-0.18
-0.18
-0.2
-0.19
-0.2
-0.19
-0.19
-0.19
-0.19
-0.19
-0.19
-0.19
-0.19
-0.19
-0.19
-0.19
-0.19
-0.19
-0.19
-0.19
-0.19
-0.19
-0.19
-0.18
-0.17
-0.19
-0.18
-0.18
-0.18
-0.19
-0.19
-0.19
-0.19
-0.19
-0.19
-0.19
-0.18
-0.18
-0.19
-0.18
-0.18
-0.18
-0.18
-0.18
-0.18
-0.19
-0.19
-0.19
-0.2
-0.19
-0.18
-0.19
-0.21
-0.19
-0.19
-0.18
-0.21
-0.23
-0.18
-0.15
-0.17
-0.17
-0.2
-0.22
-0.19
-0.15
-0.19
-0.16
-0.19
-0.2
-0.2
-0.25
-0.16
-0.16
-0.22
-0.24
-0.1
-0.1
-0.1
-0.19
-0.19
-0.2
-0.19
-0.2
-0.23
-0.23
-0.2
-0.2
-0.17
-0.19
-0.19
-0.22
-0.16
-0.19
-0.18
-0.12
-0.13
-0.16
-0.19
-0.15
-0.13
-0.16
-0.21
-0.19
-0.16
-0.16
-0.2
-0.24
-0.21
-0.25
-0.23
-0.2
-0.25
-0.22
-0.23
-0.22
-0.19
-0.2
-0.2
-0.27
-0.2
-0.25
-0.21
-0.21
-0.21
-0.21
-0.24
-0.2
-0.23
-0.19
-0.19
-0.19
-0.19
-0.2
-0.2
-0.13
-0.2
-0.2
-0.17
-0.2
-0.4
-0.3
-0.19
-0.21
-0.13
-0.12
-0.2
-0.2
-0.21
-0.22
-0.25
-0.14
-0.2
-0.18
-0.26
-0.12
-0.24
-0.2
-0.16
-0.26
-0.3
-0.16
-0.25
-0.19
-0.18
-0.2
-0.12
-0.19
-0.18
-0.18
-0.19
-0.2
-0.18
-0.23
-0.19
-0.2
-0.13
-0.19
-0.24
-0.19
-0.13
-0.2
-0.19
-0.19
-0.2
-0.21
-0.2
-0.2
-0.2
-0.21
-0.21
-0.21
-0.2
-0.25
-0.25
-0.19
-0.19
-0.2
-0.26
-0.28
-0.25
-0.26
-0.25
-0.23
-0.24
-0.2
-0.2
-0.2
-0.2
-0.19
-0.2
-0.2
-0.19
-0.19
-0.2
-0.19
-0.19
-0.2
-0.19
-0.19
-0.19
-0.13
-0.19
-0.22
-0.27
-0.26
-0.25
-0.23
-0.2
-0.25
-0.25
-0.25
-0.13
-0.21
-0.21
-0.22
-0.25
-0.23
-0.19
-0.19
-0.19
-0.2
-0.21
-0.21
-0.18
-0.19
-0.2
-0.19
-0.18
-0.18
-0.19
-0.19
-0.19
-0.18
-0.19
-0.19
-0.19
-0.19
-0.19
-0.21
-0.19
-0.19
-0.19
-0.19
-0.18
-0.28
-0.23
-0.23
-0.19
-0.31
-0.39
-0.19
-0.19
-0.19
-0.19
-0.19
-0.19
-0.19
-0.19]
