fondo=[0.02
0.02
0.02
0.02
0.02
0.02
0.02
0.02
0.02
0.02
0.02
0.02
0.02
0.02
0.02
0.02
0.02
0.02
0.02
0.02
0.02
0.02
0.02
0.02
0.02
0.02
0.02
0.02
0.02
0.02
0.02
0.02
0.02
0.02
0.02
0.02
0.02
0.02
0.02
0.02
0.02
0.02
0.02
0.02
0.02
0.02
0.02
0.02
0.02
0.02
0.02
0.02
0.02
0.02
0.02
0.02
0.02
0.02
0.02
0.02
0.02
0.02
0.01
0.02
0.02
0.01
0.02
0.01
0.02
0.02
0.02
0.02
0.02
0.02
0.02
0.02
0.02
0.01
0.01
0.01
0.02
0.01
0.02
0.01
0.01
0.01
0.01
0.01
0.01
0.01
0.01
0.01
0.01
0.01
0.01
0.01
0.01
0.01
0.01
0.01
0.01
0.01
0.01
0.01
0.01
0.01
0.01
0.01
0.01
0.01
0.01
0.01
0.01
0.01
0.02
0.01
0.01
0.01
0.01
0.01
0.01
0.01
0.01
0.01
0.01
0.01
0.01
0.01
0.01
0.01
0.01
0.01
0.01
0.01
0.01
0.01
0.01
0.01
0.01
0.01
0.01
0.01
0.01
0.01
0.01
0.01
0.01
0.01
0.01
0.01
0.01
0.01
0.01
0.01
0.01
0.01
0.01
0.01
0.01
0.01
0.01
0.01
0.01
0.01
0.01
0.01
0.01
0.01
0.01
0.01
0.01
0.01
0.01
0.01
0.01
0.01
0.01
0.01
0.01
0.01
0.01
0.01
0.01
0.01
0.01
0.01
0.01
0.01
0.01
0.01
0.01
0.01
0.01
0.01
0.01
0.01
0.01
0.01
0.01
0.01
0.01
0.01
0.01
0.01
0.01
0.01
0.01
0.01
0.01
0.01
0.01
0.01
0.01
0.01
0.01
0.01
0.01
0.01
0.01
0.01
0.01
0.01
0.02
0.02
0.02
0.02
0.01
0.01
0.02
0.02
0.02
0.02
0.02
0.02
0.02
0.02
0.01
0.02
0.02
0.02
0.02
0.02
0.02
0.02
0.02
0.02
0.02
0.02
0.02
0.02
0.02
0.02
0.02
0.02
0.02
0.02
0.02
0.02
0.02
0.02
0.02
0.02
0.02
0.02
0.02
0.02
0.02
0.02
0.02
0.02
0.02
0.02
0.02
0.02
0.02
0.02
0.02
0.03
0.02
0.02
0.02
0.02
0.02
0.02
0.02
0.02
0.02
0.01
0.02
0.02
0.01
0.01
0.02
0.01
0.01
0.01
0.02
0.02
0.01
0.01
0.01
0.02
0.01
0.01
0.02
0.02
0.02
0.02
0.01
0.01
0.01
0.01
0.01
0.01
0.01
0.01
0.01
0.01
0.01
0.01
0.01
0.01
0.01
0.01
0.01
0.01
0.01
0.01
0.01
0.01
0.01
0.01
0.01
0.01
0.01
0.01
0.01
0.01
0.01
0.01
0.01
0.01
0.01
0.01
0.01
0.01
0.01
0.01
0.01
0.01
0.01
0.01
0.01
0.01
0.01
0.01
0.01
0.01
0.01
0.01
0.01
0.01
0.01
0.01
0.01
0.01
0.01
0.01
0.01
0.01
0.01
0.01
0.01
0.01
0.01
0.01
0.01
0.01
0.01
0.01
0.02
0.01
0.01
0.01
0.01
0.01
0.01
0.01
0.01
0.01
0.01
0.01
0.01
0.01
0.01
0.01
0.01
0.01
0.01
0.01
0.01
0.01
0.01
0.01
0.01
0.01
0.01
0.01
0.01
0.01
0.01
0.01
0.01
0.01
0.01
0.01
0.01
0.01
0.01
0.01
0.01
0.01]
AjustemV=[0.02
0.02
0.02
0.02
0.02
0.02
0.02
0.02
0.02
0.02
0.02
0.02
0.02
0.02
0.02
0.02
0.02
0.02
0.02
0.02
0.02
0.02
0.02
0.02
0.02
0.02
0.02
0.02
0.02
0.02
0.02
0.02
0.02
0.02
0.02
0.02
0.02
0.02
0.02
0.02
0.02
0.02
0.02
0.02
0.02
0.02
0.02
0.02
0.02
0.02
0.02
0.02
0.02
0.02
0.02
0.02
0.02
0.02
0.02
0.02
0.02
0.02
0.02
0.01
0.02
0.02
0.01
0.01
0.02
0.01
0.2
0.2
0.2
0.02
0.02
0.02
0.02
0.02
0.02
0.02
0.02
0.02
0.01
0.01
0.01
0.02
0.01
0.02
0.01
0.01
0.01
0.01
0.01
0.01
0.01
0.01
0.01
0.01
0.01
0.01
0.01
0.01
0.01
0.01
0.01
0.01
0.01
0.01
0.01
0.01
0.01
0.01
0.01
0.01
0.01
0.01
0.01
0.01
0.01
0.02
0.01
0.01
0.01
0.01
0.01
0.26
0.01
0.01
0.01
0.01
0.01
0.01
0.01
0.01
0.01
0.01
0.01
0.01
0.01
0.01
0.01
0.01
0.01
0.01
0.01
0.01
0.01
0.01
0.01
0.01
0.01
0.01
0.01
0.01
0.01
0.01
0.01
0.01
0.01
0.01
0.01
0.01
0.01
0.01
0.01
0.01
0.01
0.01
0.01
0.01
0.01
0.01
0.01
0.01
0.01
0.01
0.01
0.01
0.01
0.01
0.01
0.01
0.01
0.01
0.01
0.01
0.01
0.01
0.01
0.01
0.01
0.01
0.01
0.01
0.01
0.01
0.01
0.01
0.01
0.01
0.01
0.01
0.01
0.01
0.01
0.01
0.01
0.01
0.01
0.01
0.01
0.01
0.01
0.01
0.01
0.01
0.01
0.01
0.01
0.01
0.01
0.01
0.01
0.01
0.01
0.01
0.01
0.01
0.02
0.02
0.02
0.02
0.01
0.01
0.02
0.02
0.02
0.02
0.02
0.02
0.02
0.02
0.01
0.02
0.2
0.2
0.2
0.2
0.2
0.02
0.02
0.02
0.02
0.02
0.02
0.02
0.02
0.02
0.02
0.02
0.02
0.02
0.02
0.02
0.02
0.02
0.02
0.02
0.02
0.02
0.02
0.02
0.02
0.02
0.02
0.02
0.02
0.02
0.02
0.02
0.02
0.02
0.02
0.02
0.02
0.02
0.02
0.02
0.03
0.02
0.02
0.02
0.02
0.02
0.02
0.02
0.02
0.02
0.01
0.02
0.02
0.01
0.01
0.02
0.01
0.01
0.01
0.02
0.02
0.01
0.01
0.01
0.02
0.01
0.01
0.02
0.02
0.02
0.02
0.01
0.01
0.01
0.01
0.01
0.01
0.01
0.01
0.01
0.01
0.01
0.01
0.01
0.01
0.01
0.01
0.01
0.01
0.01
0.01
0.01
0.01
0.01
0.01
0.01
0.01
0.01
0.01
0.01
0.01
0.01
0.01
0.01
0.01
0.01
0.01
0.01
0.01
0.01
0.01
0.01
0.01
0.01
0.01
0.01
0.01
0.01
0.01
0.01
0.01
0.01
0.01
0.01
0.01
0.01
0.01
0.01
0.01
0.01
0.01
0.01
0.01
0.01
0.01
0.01
0.01
0.01
0.01
0.01
0.01
0.01
0.01
0.01
0.02
0.01
0.01
0.01
0.01
0.01
0.01
0.01
0.01
0.01
0.01
0.01
0.1
0.1
0.1
0.1
0.01
0.01
0.01
0.01
0.01
0.01
0.01
0.01
0.01
0.01
0.01
0.01
0.01
0.01
0.01
0.01
0.01
0.01
0.01
0.01
0.01
0.01
0.01
0.01
0.01
0.01
0.01
0.01
0.01
0.01
0.01]
voltaje=[155.3
155.3
155.3
155.3
155.3
155.3
155.3
155.3
155.3
155.3
155.3
155.3
155.3
155.3
155.3
155.3
155.3
155.3
155.3
155.3
155.3
155.3
155.3
155.3
155.3
155.3
155.3
155.3
155.3
155.3
155.3
155.3
155.3
155.3
155.3
155.3
155.3
155.3
155.3
155.3
155.3
155.3
155.3
155.3
155.3
155.3
155.3
155.3
155.3
155.3
155.3
155.3
155.3
155.3
155.3
155.3
155.3
155.3
155.3
155.3
155.3
155.3
155.3
155.3
155.3
155.3
155.3
155.3
155.3
155.3
155.3
155.3
155.3
155.3
155.3
155.3
155.3
155.3
155.3
155.3
155.3
155.3
155.3
155.3
155.3
155.3
155.3
155.3
155.3
155.3
155.3
155.3
155.3
155.3
155.3
155.3
155.3
155.3
155.3
155.3
155.3
155.3
155.3
155.3
155.3
155.3
155.3
155.3
155.3
155.3
155.3
155.3
155.3
155.3
155.3
155.3
155.3
155.3
155.3
155.3
155.3
155.3
155.3
155.3
155.3
155.3
155.3
155.3
155.3
155.3
155.3
155.3
155.3
155.3
155.3
155.3
155.3
155.3
155.3
155.3
155.3
155.3
155.3
155.3
155.3
155.3
155.3
155.0
155.0
155.0
155.0
155.3
155.0
155.3
155.3
155.3
155.3
155.3
155.3
155.3
155.3
155.3
155.3
155.3
155.3
155.3
155.3
155.3
155.3
155.3
155.3
155.3
155.3
155.3
155.3
155.3
155.3
155.3
155.3
155.3
155.3
155.3
155.3
155.3
155.3
155.3
155.3
155.3
155.3
155.3
155.3
155.3
155.3
155.3
155.3
155.3
155.3
155.3
155.3
155.3
155.3
155.3
155.3
155.3
155.3
155.3
155.3
155.3
155.3
155.3
155.3
155.3
155.3
155.3
155.3
155.3
155.3
155.3
155.3
155.3
155.3
155.3
155.3
155.3
155.3
155.3
155.3
155.3
155.3
155.3
155.3
155.3
155.3
155.3
155.3
155.3
155.3
155.3
155.3
155.3
155.3
155.3
155.3
155.3
155.3
155.3
155.3
155.3
155.3
155.3
155.3
155.3
155.3
155.3
155.3
155.3
155.3
155.3
155.3
155.3
155.3
155.3
155.3
155.3
155.3
155.3
155.3
155.3
155.3
155.3
155.3
155.3
155.3
155.3
155.3
155.3
155.3
155.3
155.3
155.3
155.3
155.3
155.3
155.3
155.3
155.3
155.3
155.3
155.3
155.3
155.3
155.3
155.3
155.3
155.3
155.3
155.3
155.3
155.3
155.3
155.3
155.3
155.3
155.3
155.3
155.3
155.3
155.3
155.3
155.3
155.3
155.3
155.3
155.3
155.3
155.3
155.3
155.3
155.3
155.3
155.3
155.3
155.3
155.3
155.3
155.3
155.3
155.3
155.3
155.3
155.3
155.3
155.3
155.3
155.3
155.3
155.3
155.3
155.3
155.3
155.3
155.3
155.3
155.3
155.3
155.3
155.3
155.3
155.3
155.3
155.3
155.3
155.3
155.3
155.3
155.3
155.3
155.3
155.3
155.3
155.3
155.3
155.3
155.3
155.3
155.3
155.3
155.3
155.3
155.3
155.3
155.3
155.3
155.3
155.3
155.3
155.3
155.3
155.3
155.3
155.3
155.3
155.3
155.3
155.3
155.3
155.3
155.3
155.3
155.3
155.3
155.3
155.3
155.3
155.3
155.3
155.3
155.3
155.3
155.3
155.3
155.3
155.3
155.3
155.3
155.3
155.3
155.3
155.3
155.3
155.3
155.3
155.3
155.3
155.3
155.3
155.3
155.3
155.3
155.3
155.3
155.3
155.3
155.3
155.3
155.3
155.3
155.3
155.3
155.3
155.3
155.3
155.3
155.3
155.3
155.3
155.3
155.3
155.3]
